T_forfft,V_forfft
-1.61588e+02,0.00000e+00
-1.60887e+02,0.00000e+00
-1.60186e+02,0.00000e+00
-1.59485e+02,0.00000e+00
-1.58784e+02,0.00000e+00
-1.58083e+02,0.00000e+00
-1.57382e+02,0.00000e+00
-1.56681e+02,0.00000e+00
-1.55980e+02,0.00000e+00
-1.55279e+02,0.00000e+00
-1.54578e+02,0.00000e+00
-1.53877e+02,0.00000e+00
-1.53176e+02,0.00000e+00
-1.52475e+02,0.00000e+00
-1.51774e+02,0.00000e+00
-1.51073e+02,0.00000e+00
-1.50372e+02,0.00000e+00
-1.49671e+02,0.00000e+00
-1.48971e+02,0.00000e+00
-1.48270e+02,0.00000e+00
-1.47569e+02,0.00000e+00
-1.46868e+02,0.00000e+00
-1.46167e+02,0.00000e+00
-1.45466e+02,0.00000e+00
-1.44765e+02,0.00000e+00
-1.44064e+02,0.00000e+00
-1.43363e+02,0.00000e+00
-1.42662e+02,0.00000e+00
-1.41961e+02,0.00000e+00
-1.41260e+02,0.00000e+00
-1.40559e+02,0.00000e+00
-1.39858e+02,0.00000e+00
-1.39157e+02,0.00000e+00
-1.38456e+02,0.00000e+00
-1.37755e+02,0.00000e+00
-1.37054e+02,0.00000e+00
-1.36353e+02,0.00000e+00
-1.35652e+02,0.00000e+00
-1.34951e+02,0.00000e+00
-1.34250e+02,0.00000e+00
-1.33549e+02,0.00000e+00
-1.32848e+02,0.00000e+00
-1.32147e+02,0.00000e+00
-1.31446e+02,0.00000e+00
-1.30745e+02,0.00000e+00
-1.30044e+02,0.00000e+00
-1.29344e+02,0.00000e+00
-1.28643e+02,0.00000e+00
-1.27942e+02,0.00000e+00
-1.27241e+02,0.00000e+00
-1.26540e+02,0.00000e+00
-1.25839e+02,0.00000e+00
-1.25138e+02,0.00000e+00
-1.24437e+02,0.00000e+00
-1.23736e+02,0.00000e+00
-1.23035e+02,0.00000e+00
-1.22334e+02,0.00000e+00
-1.21633e+02,0.00000e+00
-1.20932e+02,0.00000e+00
-1.20231e+02,0.00000e+00
-1.19530e+02,0.00000e+00
-1.18829e+02,0.00000e+00
-1.18128e+02,0.00000e+00
-1.17427e+02,0.00000e+00
-1.16726e+02,0.00000e+00
-1.16025e+02,0.00000e+00
-1.15324e+02,0.00000e+00
-1.14623e+02,0.00000e+00
-1.13922e+02,0.00000e+00
-1.13221e+02,0.00000e+00
-1.12520e+02,0.00000e+00
-1.11819e+02,0.00000e+00
-1.11118e+02,0.00000e+00
-1.10417e+02,0.00000e+00
-1.09716e+02,0.00000e+00
-1.09016e+02,0.00000e+00
-1.08315e+02,0.00000e+00
-1.07614e+02,0.00000e+00
-1.06913e+02,0.00000e+00
-1.06212e+02,0.00000e+00
-1.05511e+02,0.00000e+00
-1.04810e+02,0.00000e+00
-1.04109e+02,0.00000e+00
-1.03408e+02,0.00000e+00
-1.02707e+02,0.00000e+00
-1.02006e+02,0.00000e+00
-1.01305e+02,0.00000e+00
-1.00604e+02,0.00000e+00
-9.99030e+01,0.00000e+00
-9.92020e+01,0.00000e+00
-9.85011e+01,0.00000e+00
-9.78001e+01,0.00000e+00
-9.70991e+01,0.00000e+00
-9.63982e+01,0.00000e+00
-9.56972e+01,0.00000e+00
-9.49962e+01,0.00000e+00
-9.42953e+01,0.00000e+00
-9.35943e+01,0.00000e+00
-9.28933e+01,0.00000e+00
-9.21924e+01,0.00000e+00
-9.14914e+01,0.00000e+00
-9.07905e+01,0.00000e+00
-9.00895e+01,0.00000e+00
-8.93885e+01,0.00000e+00
-8.86876e+01,0.00000e+00
-8.79866e+01,0.00000e+00
-8.72856e+01,0.00000e+00
-8.65847e+01,0.00000e+00
-8.58837e+01,0.00000e+00
-8.51827e+01,0.00000e+00
-8.44818e+01,0.00000e+00
-8.37808e+01,0.00000e+00
-8.30798e+01,0.00000e+00
-8.23789e+01,0.00000e+00
-8.16779e+01,0.00000e+00
-8.09769e+01,0.00000e+00
-8.02760e+01,0.00000e+00
-7.95750e+01,0.00000e+00
-7.88741e+01,0.00000e+00
-7.81731e+01,0.00000e+00
-7.74721e+01,0.00000e+00
-7.67712e+01,0.00000e+00
-7.60702e+01,0.00000e+00
-7.53692e+01,0.00000e+00
-7.46683e+01,0.00000e+00
-7.39673e+01,0.00000e+00
-7.32663e+01,0.00000e+00
-7.25654e+01,0.00000e+00
-7.18644e+01,0.00000e+00
-7.11634e+01,0.00000e+00
-7.04625e+01,0.00000e+00
-6.97615e+01,0.00000e+00
-6.90605e+01,0.00000e+00
-6.83596e+01,0.00000e+00
-6.76586e+01,0.00000e+00
-6.69577e+01,0.00000e+00
-6.62567e+01,0.00000e+00
-6.55557e+01,0.00000e+00
-6.48548e+01,0.00000e+00
-6.41538e+01,0.00000e+00
-6.34528e+01,0.00000e+00
-6.27519e+01,0.00000e+00
-6.20509e+01,0.00000e+00
-6.13499e+01,0.00000e+00
-6.06490e+01,0.00000e+00
-5.99480e+01,0.00000e+00
-5.92470e+01,0.00000e+00
-5.85461e+01,0.00000e+00
-5.78451e+01,0.00000e+00
-5.71442e+01,0.00000e+00
-5.64432e+01,0.00000e+00
-5.57422e+01,0.00000e+00
-5.50413e+01,0.00000e+00
-5.43403e+01,0.00000e+00
-5.36393e+01,0.00000e+00
-5.29384e+01,0.00000e+00
-5.22374e+01,0.00000e+00
-5.15364e+01,0.00000e+00
-5.08355e+01,0.00000e+00
-5.01345e+01,0.00000e+00
-4.94335e+01,0.00000e+00
-4.87326e+01,0.00000e+00
-4.80316e+01,0.00000e+00
-4.73306e+01,0.00000e+00
-4.66297e+01,0.00000e+00
-4.59287e+01,0.00000e+00
-4.52278e+01,0.00000e+00
-4.45268e+01,0.00000e+00
-4.38258e+01,0.00000e+00
-4.31249e+01,0.00000e+00
-4.24239e+01,0.00000e+00
-4.17229e+01,0.00000e+00
-4.10220e+01,0.00000e+00
-4.03210e+01,0.00000e+00
-3.96200e+01,0.00000e+00
-3.89191e+01,0.00000e+00
-3.82181e+01,0.00000e+00
-3.75171e+01,0.00000e+00
-3.68162e+01,0.00000e+00
-3.61152e+01,0.00000e+00
-3.54143e+01,0.00000e+00
-3.47133e+01,0.00000e+00
-3.40123e+01,0.00000e+00
-3.33114e+01,0.00000e+00
-3.26104e+01,0.00000e+00
-3.19094e+01,0.00000e+00
-3.12085e+01,0.00000e+00
-3.05075e+01,0.00000e+00
-2.98065e+01,0.00000e+00
-2.91056e+01,0.00000e+00
-2.84046e+01,0.00000e+00
-2.77036e+01,0.00000e+00
-2.70027e+01,0.00000e+00
-2.63017e+01,0.00000e+00
-2.56007e+01,0.00000e+00
-2.48998e+01,0.00000e+00
-2.41988e+01,0.00000e+00
-2.34979e+01,0.00000e+00
-2.27969e+01,0.00000e+00
-2.20959e+01,0.00000e+00
-2.13950e+01,0.00000e+00
-2.06940e+01,0.00000e+00
-1.99930e+01,0.00000e+00
-1.92921e+01,0.00000e+00
-1.85911e+01,0.00000e+00
-1.78901e+01,0.00000e+00
-1.71892e+01,0.00000e+00
-1.64882e+01,0.00000e+00
-1.57872e+01,0.00000e+00
-1.50863e+01,0.00000e+00
-1.43853e+01,0.00000e+00
-1.36844e+01,0.00000e+00
-1.29834e+01,0.00000e+00
-1.22824e+01,0.00000e+00
-1.15815e+01,0.00000e+00
-1.08805e+01,0.00000e+00
-1.01795e+01,0.00000e+00
-9.47856e+00,0.00000e+00
-8.77760e+00,0.00000e+00
-8.07663e+00,0.00000e+00
-7.37567e+00,0.00000e+00
-6.67470e+00,0.00000e+00
-5.97374e+00,0.00000e+00
-5.27278e+00,0.00000e+00
-4.57181e+00,7.57261e-10
-3.87085e+00,9.78110e-10
-3.16988e+00,1.28748e-09
-2.46892e+00,1.73311e-09
-1.76795e+00,2.39725e-09
-1.06699e+00,3.43076e-09
-3.66024e-01,5.13547e-09
3.34941e-01,8.20901e-09
1.03591e+00,1.50726e-08
1.73687e+00,3.88416e-08
2.43783e+00,1.47720e-07
3.13880e+00,6.00249e-07
3.83976e+00,2.24819e-06
4.54073e+00,6.56935e-06
5.24169e+00,1.18782e-05
5.94266e+00,2.03770e-05
6.64362e+00,2.86438e-05
7.34459e+00,1.76358e-05
8.04555e+00,1.45891e-05
8.74652e+00,9.72959e-06
9.44748e+00,-1.59383e-05
1.01484e+01,-1.67289e-05
1.08494e+01,-1.49043e-05
1.15504e+01,-2.19301e-05
1.22513e+01,-1.52235e-05
1.29523e+01,-9.78955e-06
1.36533e+01,-8.45754e-06
1.43542e+01,-4.79874e-06
1.50552e+01,-2.59340e-06
1.57562e+01,-1.74454e-06
1.64571e+01,-8.75735e-07
1.71581e+01,-4.29884e-07
1.78591e+01,-2.53481e-07
1.85600e+01,-1.23186e-07
1.92610e+01,-6.14429e-08
1.99619e+01,-3.22345e-08
2.06629e+01,-2.01790e-08
2.13639e+01,-1.21214e-08
2.20648e+01,-7.91000e-09
2.27658e+01,-5.79822e-09
2.34668e+01,-4.24290e-09
2.41677e+01,-3.23997e-09
2.48687e+01,-2.59974e-09
2.55697e+01,-2.08562e-09
2.62706e+01,-1.70504e-09
2.69716e+01,-1.42511e-09
2.76726e+01,-1.19465e-09
2.83735e+01,-1.01213e-09
2.90745e+01,-8.67455e-10
2.97755e+01,-7.46719e-10
3.04764e+01,-6.47219e-10
3.11774e+01,-5.64817e-10
3.18783e+01,-4.95007e-10
3.25793e+01,-4.35943e-10
3.32803e+01,-3.85711e-10
3.39812e+01,-3.42532e-10
3.46822e+01,-3.05323e-10
3.53832e+01,-2.73131e-10
3.60841e+01,-2.45040e-10
3.67851e+01,-2.20540e-10
3.74861e+01,-1.99059e-10
3.81870e+01,-1.80148e-10
3.88880e+01,-1.63445e-10
3.95890e+01,-1.48644e-10
4.02899e+01,0.00000e+00
4.09909e+01,0.00000e+00
4.16918e+01,0.00000e+00
4.23928e+01,0.00000e+00
4.30938e+01,0.00000e+00
4.37947e+01,0.00000e+00
4.44957e+01,0.00000e+00
4.51967e+01,0.00000e+00
4.58976e+01,0.00000e+00
4.65986e+01,0.00000e+00
4.72996e+01,0.00000e+00
4.80005e+01,0.00000e+00
4.87015e+01,0.00000e+00
4.94025e+01,0.00000e+00
5.01034e+01,0.00000e+00
5.08044e+01,0.00000e+00
5.15054e+01,0.00000e+00
5.22063e+01,0.00000e+00
5.29073e+01,0.00000e+00
5.36082e+01,0.00000e+00
5.43092e+01,0.00000e+00
5.50102e+01,0.00000e+00
5.57111e+01,0.00000e+00
5.64121e+01,0.00000e+00
5.71131e+01,0.00000e+00
5.78140e+01,0.00000e+00
5.85150e+01,0.00000e+00
5.92160e+01,0.00000e+00
5.99169e+01,0.00000e+00
6.06179e+01,0.00000e+00
6.13189e+01,0.00000e+00
6.20198e+01,0.00000e+00
6.27208e+01,0.00000e+00
6.34218e+01,0.00000e+00
6.41227e+01,0.00000e+00
6.48237e+01,0.00000e+00
6.55246e+01,0.00000e+00
6.62256e+01,0.00000e+00
6.69266e+01,0.00000e+00
6.76275e+01,0.00000e+00
6.83285e+01,0.00000e+00
6.90295e+01,0.00000e+00
6.97304e+01,0.00000e+00
7.04314e+01,0.00000e+00
7.11324e+01,0.00000e+00
7.18333e+01,0.00000e+00
7.25343e+01,0.00000e+00
7.32353e+01,0.00000e+00
7.39362e+01,0.00000e+00
7.46372e+01,0.00000e+00
7.53381e+01,0.00000e+00
7.60391e+01,0.00000e+00
7.67401e+01,0.00000e+00
7.74410e+01,0.00000e+00
7.81420e+01,0.00000e+00
7.88430e+01,0.00000e+00
7.95439e+01,0.00000e+00
8.02449e+01,0.00000e+00
8.09459e+01,0.00000e+00
8.16468e+01,0.00000e+00
8.23478e+01,0.00000e+00
8.30488e+01,0.00000e+00
8.37497e+01,0.00000e+00
8.44507e+01,0.00000e+00
8.51517e+01,0.00000e+00
8.58526e+01,0.00000e+00
8.65536e+01,0.00000e+00
8.72545e+01,0.00000e+00
8.79555e+01,0.00000e+00
8.86565e+01,0.00000e+00
8.93574e+01,0.00000e+00
9.00584e+01,0.00000e+00
9.07594e+01,0.00000e+00
9.14603e+01,0.00000e+00
9.21613e+01,0.00000e+00
9.28623e+01,0.00000e+00
9.35632e+01,0.00000e+00
9.42642e+01,0.00000e+00
9.49652e+01,0.00000e+00
9.56661e+01,0.00000e+00
9.63671e+01,0.00000e+00
9.70680e+01,0.00000e+00
9.77690e+01,0.00000e+00
9.84700e+01,0.00000e+00
9.91709e+01,0.00000e+00
9.98719e+01,0.00000e+00
1.00573e+02,0.00000e+00
1.01274e+02,0.00000e+00
1.01975e+02,0.00000e+00
1.02676e+02,0.00000e+00
1.03377e+02,0.00000e+00
1.04078e+02,0.00000e+00
1.04779e+02,0.00000e+00
1.05480e+02,0.00000e+00
1.06181e+02,0.00000e+00
1.06882e+02,0.00000e+00
1.07583e+02,0.00000e+00
1.08283e+02,0.00000e+00
1.08984e+02,0.00000e+00
1.09685e+02,0.00000e+00
1.10386e+02,0.00000e+00
1.11087e+02,0.00000e+00
1.11788e+02,0.00000e+00
1.12489e+02,0.00000e+00
1.13190e+02,0.00000e+00
1.13891e+02,0.00000e+00
1.14592e+02,0.00000e+00
1.15293e+02,0.00000e+00
1.15994e+02,0.00000e+00
1.16695e+02,0.00000e+00
1.17396e+02,0.00000e+00
1.18097e+02,0.00000e+00
1.18798e+02,0.00000e+00
1.19499e+02,0.00000e+00
1.20200e+02,0.00000e+00
1.20901e+02,0.00000e+00
1.21602e+02,0.00000e+00
1.22303e+02,0.00000e+00
1.23004e+02,0.00000e+00
1.23705e+02,0.00000e+00
1.24406e+02,0.00000e+00
1.25107e+02,0.00000e+00
1.25808e+02,0.00000e+00
1.26509e+02,0.00000e+00
1.27210e+02,0.00000e+00
1.27910e+02,0.00000e+00
1.28611e+02,0.00000e+00
1.29312e+02,0.00000e+00
1.30013e+02,0.00000e+00
1.30714e+02,0.00000e+00
1.31415e+02,0.00000e+00
1.32116e+02,0.00000e+00
1.32817e+02,0.00000e+00
1.33518e+02,0.00000e+00
1.34219e+02,0.00000e+00
1.34920e+02,0.00000e+00
1.35621e+02,0.00000e+00
1.36322e+02,0.00000e+00
1.37023e+02,0.00000e+00
1.37724e+02,0.00000e+00
1.38425e+02,0.00000e+00
1.39126e+02,0.00000e+00
1.39827e+02,0.00000e+00
1.40528e+02,0.00000e+00
1.41229e+02,0.00000e+00
1.41930e+02,0.00000e+00
1.42631e+02,0.00000e+00
1.43332e+02,0.00000e+00
1.44033e+02,0.00000e+00
1.44734e+02,0.00000e+00
1.45435e+02,0.00000e+00
1.46136e+02,0.00000e+00
1.46837e+02,0.00000e+00
1.47537e+02,0.00000e+00
1.48238e+02,0.00000e+00
1.48939e+02,0.00000e+00
1.49640e+02,0.00000e+00
1.50341e+02,0.00000e+00
1.51042e+02,0.00000e+00
1.51743e+02,0.00000e+00
1.52444e+02,0.00000e+00
1.53145e+02,0.00000e+00
1.53846e+02,0.00000e+00
1.54547e+02,0.00000e+00
1.55248e+02,0.00000e+00
1.55949e+02,0.00000e+00
1.56650e+02,0.00000e+00
1.57351e+02,0.00000e+00
1.58052e+02,0.00000e+00
1.58753e+02,0.00000e+00
1.59454e+02,0.00000e+00
1.60155e+02,0.00000e+00
1.60856e+02,0.00000e+00
1.61557e+02,0.00000e+00
1.62258e+02,0.00000e+00
1.62959e+02,0.00000e+00
1.63660e+02,0.00000e+00
1.64361e+02,0.00000e+00
1.65062e+02,0.00000e+00
1.65763e+02,0.00000e+00
1.66464e+02,0.00000e+00
1.67165e+02,0.00000e+00
1.67865e+02,0.00000e+00
1.68566e+02,0.00000e+00
1.69267e+02,0.00000e+00
1.69968e+02,0.00000e+00
1.70669e+02,0.00000e+00
1.71370e+02,0.00000e+00
1.72071e+02,0.00000e+00
1.72772e+02,0.00000e+00
1.73473e+02,0.00000e+00
1.74174e+02,0.00000e+00
1.74875e+02,0.00000e+00
1.75576e+02,0.00000e+00
1.76277e+02,0.00000e+00
1.76978e+02,0.00000e+00
1.77679e+02,0.00000e+00
1.78380e+02,0.00000e+00
1.79081e+02,0.00000e+00
1.79782e+02,0.00000e+00
1.80483e+02,0.00000e+00
1.81184e+02,0.00000e+00
1.81885e+02,0.00000e+00
1.82586e+02,0.00000e+00
1.83287e+02,0.00000e+00
1.83988e+02,0.00000e+00
1.84689e+02,0.00000e+00
1.85390e+02,0.00000e+00
1.86091e+02,0.00000e+00
1.86792e+02,0.00000e+00
1.87492e+02,0.00000e+00
1.88193e+02,0.00000e+00
1.88894e+02,0.00000e+00
1.89595e+02,0.00000e+00
1.90296e+02,0.00000e+00
1.90997e+02,0.00000e+00
1.91698e+02,0.00000e+00
1.92399e+02,0.00000e+00
1.93100e+02,0.00000e+00
1.93801e+02,0.00000e+00
1.94502e+02,0.00000e+00
1.95203e+02,0.00000e+00
1.95904e+02,0.00000e+00
1.96605e+02,0.00000e+00